  2.0100000e+003  2.0000000e+000  1.4000000e+001  0.0000000e+000  0.0000000e+000  4.5000000e+001  9.7463598e+001             NaN             NaN  1.1910486e+003  1.5552125e+003             NaN             NaN  6.3513079e+000             NaN             NaN  1.4897063e+001  3.8191335e+001             NaN             NaN  7.7009007e-001             NaN             NaN  6.7203079e-001  7.2119739e-001             NaN             NaN
  2.0100000e+003  2.0000000e+000  1.4000000e+001  1.0000000e+000  0.0000000e+000  4.5041667e+001  1.2032400e+002  6.1119956e+002             NaN             NaN  1.1031919e+003  1.4014077e+003  1.5327121e+003  2.2701524e+001  4.1776424e+001             NaN             NaN  1.0851241e+002  7.7895167e+001  6.1450888e+000  7.4031345e-001  6.7367408e-001             NaN             NaN  6.8080770e-001  6.9951573e-001  7.4882384e-001
  2.0100000e+003  2.0000000e+000  1.4000000e+001  2.0000000e+000  0.0000000e+000  4.5083333e+001  1.3014324e+002  6.2603335e+002             NaN  1.1286850e+003  1.2478974e+003             NaN             NaN  2.9107416e+001  3.9704432e+001             NaN  7.8195929e+001  5.8637587e+000             NaN             NaN  7.0967601e-001  6.7847251e-001             NaN  6.9270896e-001  7.0037053e-001             NaN             NaN
  2.0100000e+003  2.0000000e+000  1.4000000e+001  3.0000000e+000  0.0000000e+000  4.5125000e+001  1.2930968e+002  5.8027466e+002  1.0224083e+003             NaN  1.2432743e+003  1.6185284e+003             NaN  2.1878337e+001  5.2258244e+001  1.9725898e+001             NaN  7.4317608e+001  2.3396744e+002             NaN  7.3501316e-001  6.7483127e-001  6.9071006e-001             NaN  7.2283553e-001  7.2947432e-001             NaN
  2.0100000e+003  2.0000000e+000  1.4000000e+001  4.0000000e+000  0.0000000e+000  4.5166667e+001  1.0113761e+002  6.5575704e+002  1.0941930e+003  1.2304757e+003  1.3927825e+003             NaN             NaN  5.1504680e+000  1.6627947e+001  1.4439242e+001  6.2927770e+001  5.9661609e+001             NaN             NaN  8.0224909e-001  6.9504581e-001  6.8344345e-001  7.2640180e-001  6.8900421e-001             NaN             NaN
  2.0100000e+003  2.0000000e+000  1.4000000e+001  5.0000000e+000  0.0000000e+000  4.5208333e+001             NaN             NaN             NaN             NaN             NaN             NaN             NaN             NaN             NaN             NaN             NaN             NaN             NaN             NaN             NaN             NaN             NaN             NaN             NaN             NaN             NaN
  2.0100000e+003  2.0000000e+000  1.4000000e+001  6.0000000e+000  0.0000000e+000  4.5250000e+001  1.1225093e+002  7.1582915e+002  1.2514757e+003             NaN             NaN             NaN             NaN  2.2330315e+001  1.8250976e+001  8.4127653e+001             NaN             NaN             NaN             NaN  7.9376426e-001  7.2551377e-001  6.9974502e-001             NaN             NaN             NaN             NaN
  2.0100000e+003  2.0000000e+000  1.4000000e+001  7.0000000e+000  0.0000000e+000  4.5291667e+001  1.3108245e+002  7.0508483e+002  1.1091560e+003  1.2517239e+003             NaN             NaN             NaN  1.4191191e+001  6.3724111e+001  3.9914772e+001  3.3102229e+001             NaN             NaN             NaN  8.0061425e-001  7.1931893e-001  7.0397054e-001  6.9949405e-001             NaN             NaN             NaN
  2.0100000e+003  2.0000000e+000  1.4000000e+001  8.0000000e+000  0.0000000e+000  4.5333333e+001  1.8099121e+002  5.2465146e+002  6.8033307e+002             NaN  9.1759865e+002             NaN             NaN  8.0473445e+001  5.5892424e+000  5.8176027e+001             NaN  1.5115330e+001             NaN             NaN  8.0751743e-001  6.9331187e-001  7.2425247e-001             NaN  6.9793264e-001             NaN             NaN
  2.0100000e+003  2.0000000e+000  1.4000000e+001  9.0000000e+000  0.0000000e+000  4.5375000e+001  1.0125621e+002             NaN             NaN             NaN             NaN             NaN             NaN  1.2006764e+001             NaN             NaN             NaN             NaN             NaN             NaN  7.8154621e-001             NaN             NaN             NaN             NaN             NaN             NaN
  2.0100000e+003  2.0000000e+000  1.4000000e+001  1.0000000e+001  0.0000000e+000  4.5416667e+001  1.0499045e+002  2.3466426e+002  6.1778235e+002             NaN  9.9591466e+002             NaN             NaN  8.3928295e+000  2.6468275e+001  1.1186195e+001             NaN  1.2360722e+001             NaN             NaN  7.7508537e-001  6.9617393e-001  6.9230230e-001             NaN  7.7668924e-001             NaN             NaN
  2.0100000e+003  2.0000000e+000  1.4000000e+001  1.1000000e+001  0.0000000e+000  4.5458333e+001             NaN             NaN             NaN  4.5679904e+002             NaN             NaN             NaN             NaN             NaN             NaN  6.8727985e+000             NaN             NaN             NaN             NaN             NaN             NaN  7.0799620e-001             NaN             NaN             NaN
  2.0100000e+003  2.0000000e+000  1.4000000e+001  1.2000000e+001  0.0000000e+000  4.5500000e+001             NaN             NaN             NaN             NaN             NaN             NaN             NaN             NaN             NaN             NaN             NaN             NaN             NaN             NaN             NaN             NaN             NaN             NaN             NaN             NaN             NaN
  2.0100000e+003  2.0000000e+000  1.4000000e+001  1.3000000e+001  0.0000000e+000  4.5541667e+001             NaN             NaN             NaN             NaN             NaN             NaN             NaN             NaN             NaN             NaN             NaN             NaN             NaN             NaN             NaN             NaN             NaN             NaN             NaN             NaN             NaN
  2.0100000e+003  2.0000000e+000  1.4000000e+001  1.4000000e+001  0.0000000e+000  4.5583333e+001  1.2367628e+002  2.3358169e+002             NaN             NaN             NaN             NaN             NaN  2.1301484e+001  1.1114249e+001             NaN             NaN             NaN             NaN             NaN  7.3340869e-001  6.6449619e-001             NaN             NaN             NaN             NaN             NaN
  2.0100000e+003  2.0000000e+000  1.4000000e+001  1.5000000e+001  0.0000000e+000  4.5625000e+001             NaN             NaN             NaN             NaN             NaN             NaN             NaN             NaN             NaN             NaN             NaN             NaN             NaN             NaN             NaN             NaN             NaN             NaN             NaN             NaN             NaN
  2.0100000e+003  2.0000000e+000  1.4000000e+001  1.6000000e+001  0.0000000e+000  4.5666667e+001  7.8752219e+001             NaN             NaN             NaN             NaN             NaN             NaN  1.3719445e+001             NaN             NaN             NaN             NaN             NaN             NaN  6.8393206e-001             NaN             NaN             NaN             NaN             NaN             NaN
  2.0100000e+003  2.0000000e+000  1.4000000e+001  1.7000000e+001  0.0000000e+000  4.5708333e+001  8.3503598e+001             NaN  6.7442817e+002             NaN  1.0348553e+003  1.2059463e+003             NaN  9.4397955e+000             NaN  5.5619782e+000             NaN  4.0281314e+001  7.1601123e+001             NaN  6.9464770e-001             NaN  6.7464846e-001             NaN  7.0468104e-001  6.9636382e-001             NaN
  2.0100000e+003  2.0000000e+000  1.4000000e+001  1.8000000e+001  0.0000000e+000  4.5750000e+001  1.0110190e+002  1.0075840e+003             NaN             NaN             NaN             NaN             NaN  9.0606659e+000  1.6366899e+002             NaN             NaN             NaN             NaN             NaN  6.9833124e-001  6.8683169e-001             NaN             NaN             NaN             NaN             NaN
  2.0100000e+003  2.0000000e+000  1.4000000e+001  1.9000000e+001  0.0000000e+000  4.5791667e+001             NaN             NaN  9.6714269e+002             NaN             NaN             NaN             NaN             NaN             NaN  1.1429689e+002             NaN             NaN             NaN             NaN             NaN             NaN  6.8182980e-001             NaN             NaN             NaN             NaN
  2.0100000e+003  2.0000000e+000  1.4000000e+001  2.0000000e+001  0.0000000e+000  4.5833333e+001  1.1407821e+002  8.8001119e+002  1.0138059e+003  1.1719403e+003             NaN             NaN             NaN  1.7192948e+001  3.2914883e+001  4.9696564e+001  9.2471749e+001             NaN             NaN             NaN  7.8060646e-001  6.9908459e-001  6.9447303e-001  7.1088843e-001             NaN             NaN             NaN
  2.0100000e+003  2.0000000e+000  1.4000000e+001  2.1000000e+001  0.0000000e+000  4.5875000e+001  9.5498275e+001  2.2440297e+002  3.4476071e+002             NaN  1.0224753e+003  1.2304559e+003  1.5369202e+003  1.2528386e+001  2.0697162e+001  4.0908837e+000             NaN  1.2249173e+002  5.2531905e+001  7.3975211e+001  8.2184462e-001  7.5133916e-001  6.6174219e-001             NaN  6.8647217e-001  7.3071232e-001  7.7257734e-001
  2.0100000e+003  2.0000000e+000  1.4000000e+001  2.2000000e+001  0.0000000e+000  4.5916667e+001  1.0486656e+002  2.4920505e+002  4.2725921e+002  7.1323212e+002  8.9501658e+002             NaN             NaN  6.4377373e+000  3.0130272e+001  1.2427084e+001  2.9644182e+001  3.2535810e+001             NaN             NaN  8.1674664e-001  7.2492281e-001  7.0828752e-001  6.7683546e-001  6.9339489e-001             NaN             NaN
  2.0100000e+003  2.0000000e+000  1.4000000e+001  2.3000000e+001  0.0000000e+000  4.5958333e+001  9.3687500e+001             NaN  3.7868237e+002             NaN             NaN  1.0424953e+003  1.2664346e+003  9.9369957e-001             NaN  9.0489733e+001             NaN             NaN  5.2110434e+001  9.9951742e+001  7.6551398e-001             NaN  7.3280272e-001             NaN             NaN  6.9772132e-001  6.8848781e-001
  2.0100000e+003  2.0000000e+000  1.5000000e+001  0.0000000e+000  0.0000000e+000  4.6000000e+001             NaN             NaN             NaN             NaN             NaN             NaN             NaN             NaN             NaN             NaN  0.0000000e+000  0.0000000e+000  0.0000000e+000  0.0000000e+000             NaN             NaN             NaN  0.0000000e+000  0.0000000e+000  0.0000000e+000  0.0000000e+000
