  2.0090000e+003  7.0000000e+000  4.0000000e+000  0.0000000e+000  0.0000000e+000  1.8500000e+002  1.1617250e+002  1.2063140e+003  1.6413000e+003             NaN             NaN             NaN             NaN  7.4825510e-002  1.2315377e+001  1.8452461e+002             NaN             NaN             NaN             NaN  6.7546797e-001  6.9471303e-001  7.3568605e-001             NaN             NaN             NaN             NaN
  2.0090000e+003  7.0000000e+000  4.0000000e+000  1.0000000e+000  0.0000000e+000  1.8504167e+002             NaN  1.2284307e+003  1.7012229e+003             NaN             NaN             NaN             NaN             NaN  6.9747263e+001  6.5245093e+001             NaN             NaN             NaN             NaN             NaN  6.8445058e-001  7.3934608e-001             NaN             NaN             NaN             NaN
  2.0090000e+003  7.0000000e+000  4.0000000e+000  2.0000000e+000  0.0000000e+000  1.8508333e+002  1.4868986e+002             NaN  1.6052857e+003             NaN             NaN             NaN             NaN  4.2416158e+001             NaN  1.7118994e+002             NaN             NaN             NaN             NaN  6.7634694e-001             NaN  7.0058197e-001             NaN             NaN             NaN             NaN
  2.0090000e+003  7.0000000e+000  4.0000000e+000  3.0000000e+000  0.0000000e+000  1.8512500e+002  1.9075857e+002  1.6126506e+003  1.7986774e+003             NaN             NaN             NaN             NaN  5.7169577e+001  1.2768743e+002  1.1845481e+001             NaN             NaN             NaN             NaN  7.0255035e-001  6.9861617e-001  7.7605891e-001             NaN             NaN             NaN             NaN
  2.0090000e+003  7.0000000e+000  4.0000000e+000  4.0000000e+000  0.0000000e+000  1.8516667e+002  1.7312470e+002  5.7342020e+002             NaN             NaN             NaN             NaN             NaN  6.8467784e+001  2.1844969e+001             NaN             NaN             NaN             NaN             NaN  7.4938696e-001  6.9167240e-001             NaN             NaN             NaN             NaN             NaN
  2.0090000e+003  7.0000000e+000  4.0000000e+000  5.0000000e+000  0.0000000e+000  1.8520833e+002  1.3686951e+002  5.8109456e+002  1.0819212e+003  1.5870229e+003             NaN             NaN             NaN  1.9581867e+001  3.9643923e+001  8.7508188e+001  2.1791653e+002             NaN             NaN             NaN  7.6079702e-001  6.8114002e-001  7.0577747e-001  7.4199117e-001             NaN             NaN             NaN
  2.0090000e+003  7.0000000e+000  4.0000000e+000  6.0000000e+000  0.0000000e+000  1.8525000e+002  2.0030730e+002  5.6066451e+002  1.0534911e+003  1.4602229e+003             NaN             NaN             NaN  5.9901753e+001  1.7445739e+001  2.1034083e+002  1.0629801e+002             NaN             NaN             NaN  7.2974306e-001  6.6004716e-001  6.9225219e-001  7.3621855e-001             NaN             NaN             NaN
  2.0090000e+003  7.0000000e+000  4.0000000e+000  7.0000000e+000  0.0000000e+000  1.8529167e+002  3.2537901e+002  1.0624945e+003  1.4195277e+003             NaN             NaN             NaN             NaN  4.0784510e+001  1.1867151e+002  1.4097612e+002             NaN             NaN             NaN             NaN  7.2604528e-001  6.9642127e-001  7.2087941e-001             NaN             NaN             NaN             NaN
  2.0090000e+003  7.0000000e+000  4.0000000e+000  8.0000000e+000  0.0000000e+000  1.8533333e+002  4.3942145e+002  1.0281572e+003  1.4273566e+003             NaN             NaN             NaN             NaN  5.8381540e+001  1.3121991e+002  1.3288541e+002             NaN             NaN             NaN             NaN  7.0945531e-001  6.8834665e-001  7.4321314e-001             NaN             NaN             NaN             NaN
  2.0090000e+003  7.0000000e+000  4.0000000e+000  9.0000000e+000  0.0000000e+000  1.8537500e+002  6.8971181e+002  1.0258029e+003  1.4022156e+003             NaN             NaN             NaN             NaN  3.5440518e+001  1.3320303e+002  1.2288841e+002             NaN             NaN             NaN             NaN  6.8146690e-001  7.0755159e-001  7.4431129e-001             NaN             NaN             NaN             NaN
  2.0090000e+003  7.0000000e+000  4.0000000e+000  1.0000000e+001  0.0000000e+000  1.8541667e+002             NaN  1.1596152e+003             NaN             NaN             NaN             NaN             NaN             NaN  2.3352562e+002             NaN             NaN             NaN             NaN             NaN             NaN  7.1946280e-001             NaN             NaN             NaN             NaN             NaN
  2.0090000e+003  7.0000000e+000  4.0000000e+000  1.1000000e+001  0.0000000e+000  1.8545833e+002  1.1520969e+003             NaN             NaN             NaN             NaN             NaN             NaN  2.1365824e+002             NaN             NaN             NaN             NaN             NaN             NaN  7.1679496e-001             NaN             NaN             NaN             NaN             NaN             NaN
  2.0090000e+003  7.0000000e+000  4.0000000e+000  1.2000000e+001  0.0000000e+000  1.8550000e+002             NaN  5.7351906e+002  7.6015458e+002  1.1109357e+003             NaN             NaN             NaN             NaN  2.6996035e+001  2.1300170e+001  1.7122897e+002             NaN             NaN             NaN             NaN  6.9543899e-001  6.9043230e-001  7.4185449e-001             NaN             NaN             NaN
  2.0090000e+003  7.0000000e+000  4.0000000e+000  1.3000000e+001  0.0000000e+000  1.8554167e+002             NaN             NaN  1.0404154e+003             NaN             NaN             NaN             NaN             NaN             NaN  2.0939377e+002             NaN             NaN             NaN             NaN             NaN             NaN  6.9860498e-001             NaN             NaN             NaN             NaN
  2.0090000e+003  7.0000000e+000  4.0000000e+000  1.4000000e+001  0.0000000e+000  1.8558333e+002             NaN  5.2608128e+002  1.0754790e+003             NaN             NaN             NaN             NaN             NaN  5.3957000e+001  2.1813700e+002             NaN             NaN             NaN             NaN             NaN  6.7872044e-001  7.1222129e-001             NaN             NaN             NaN             NaN
  2.0090000e+003  7.0000000e+000  4.0000000e+000  1.5000000e+001  0.0000000e+000  1.8562500e+002  9.4357229e+001             NaN  6.7253607e+002  1.1221346e+003             NaN             NaN             NaN  3.0845403e+001             NaN  6.4818349e+001  1.1798859e+002             NaN             NaN             NaN  7.4222630e-001             NaN  6.8170421e-001  7.0026465e-001             NaN             NaN             NaN
  2.0090000e+003  7.0000000e+000  4.0000000e+000  1.6000000e+001  0.0000000e+000  1.8566667e+002  1.0118250e+002  2.8128128e+002  5.4001269e+002  7.9382874e+002  1.1423688e+003             NaN             NaN  1.2285734e+000  2.4551028e+001  6.5197212e+001  8.5775052e+001  1.4537431e+002             NaN             NaN  6.6038208e-001  6.7666870e-001  6.6441954e-001  6.8590800e-001  7.2654305e-001             NaN             NaN
  2.0090000e+003  7.0000000e+000  4.0000000e+000  1.7000000e+001  0.0000000e+000  1.8570833e+002  8.9159789e+001  5.6418807e+002             NaN  1.1796753e+003             NaN             NaN             NaN  2.1202582e+001  6.2921176e+001             NaN  1.7986254e+002             NaN             NaN             NaN  6.9251173e-001  6.9444826e-001             NaN  7.2377008e-001             NaN             NaN             NaN
  2.0090000e+003  7.0000000e+000  4.0000000e+000  1.8000000e+001  0.0000000e+000  1.8575000e+002             NaN  1.1918965e+003  1.5377376e+003             NaN             NaN             NaN             NaN             NaN  1.2779095e+002  1.4868433e+002             NaN             NaN             NaN             NaN             NaN  6.9359087e-001  6.9353693e-001             NaN             NaN             NaN             NaN
  2.0090000e+003  7.0000000e+000  4.0000000e+000  1.9000000e+001  0.0000000e+000  1.8579167e+002             NaN             NaN  1.1732446e+003             NaN             NaN  1.8858191e+003             NaN             NaN             NaN  1.5095059e+002             NaN             NaN  1.2350092e+002             NaN             NaN             NaN  6.8431803e-001             NaN             NaN  7.3539777e-001             NaN
  2.0090000e+003  7.0000000e+000  4.0000000e+000  2.0000000e+001  0.0000000e+000  1.8583333e+002  1.1364488e+002             NaN  1.0881179e+003             NaN  1.8307575e+003             NaN             NaN  3.2459477e+000             NaN  5.8090980e+001             NaN  1.6656181e+002             NaN             NaN  6.6269136e-001             NaN  6.6203306e-001             NaN  6.9353754e-001             NaN             NaN
  2.0090000e+003  7.0000000e+000  4.0000000e+000  2.1000000e+001  0.0000000e+000  1.8587500e+002  1.1553222e+003  1.6978292e+003             NaN             NaN             NaN             NaN             NaN  4.0229948e+001  1.5032494e+002             NaN             NaN             NaN             NaN             NaN  6.7462705e-001  7.5260240e-001             NaN             NaN             NaN             NaN             NaN
  2.0090000e+003  7.0000000e+000  4.0000000e+000  2.2000000e+001  0.0000000e+000  1.8591667e+002  1.0503421e+002             NaN             NaN             NaN             NaN             NaN             NaN  9.4263820e+000             NaN             NaN             NaN             NaN             NaN             NaN  7.1873123e-001             NaN             NaN             NaN             NaN             NaN             NaN
  2.0090000e+003  7.0000000e+000  4.0000000e+000  2.3000000e+001  0.0000000e+000  1.8595833e+002  1.9086876e+002  6.6386771e+002             NaN  1.1282086e+003             NaN             NaN             NaN  6.6987554e+001  6.9268995e+001             NaN  5.3630869e+001             NaN             NaN             NaN  7.1803809e-001  6.5944631e-001             NaN  6.8748546e-001             NaN             NaN             NaN
  2.0090000e+003  7.0000000e+000  5.0000000e+000  0.0000000e+000  0.0000000e+000  1.8600000e+002             NaN             NaN             NaN             NaN             NaN             NaN             NaN             NaN  0.0000000e+000  0.0000000e+000  0.0000000e+000  0.0000000e+000  0.0000000e+000  0.0000000e+000             NaN  0.0000000e+000  0.0000000e+000  0.0000000e+000  0.0000000e+000  0.0000000e+000  0.0000000e+000
