  2.0090000e+003  7.0000000e+000  1.7000000e+001  0.0000000e+000  0.0000000e+000  1.9800000e+002             NaN             NaN             NaN  1.6976037e+003             NaN             NaN             NaN             NaN             NaN             NaN  6.1688563e+000             NaN             NaN             NaN             NaN             NaN             NaN  6.7892166e-001             NaN             NaN             NaN
  2.0090000e+003  7.0000000e+000  1.7000000e+001  1.0000000e+000  0.0000000e+000  1.9804167e+002             NaN             NaN  1.1653818e+003  1.5480045e+003  1.8546167e+003  2.1181276e+003             NaN             NaN             NaN  4.9008175e+001  9.0601352e+001  8.0804090e+001  1.3701610e+002             NaN             NaN             NaN  6.7286155e-001  7.1771819e-001  7.1226431e-001  7.0168491e-001             NaN
  2.0090000e+003  7.0000000e+000  1.7000000e+001  2.0000000e+000  0.0000000e+000  1.9808333e+002  1.1424734e+002  8.9941267e+002  1.5757740e+003  1.9713259e+003             NaN             NaN             NaN  2.2379570e+000  7.1211652e+001  1.3788807e+002  1.7145719e+002             NaN             NaN             NaN  6.8426209e-001  6.6760374e-001  6.9177938e-001  7.2182048e-001             NaN             NaN             NaN
  2.0090000e+003  7.0000000e+000  1.7000000e+001  3.0000000e+000  0.0000000e+000  1.9812500e+002             NaN  9.1899072e+002             NaN  1.4971256e+003  1.7752079e+003             NaN             NaN             NaN  6.6818025e+001             NaN  5.9820361e+001  6.8010053e+001             NaN             NaN             NaN  6.9807850e-001             NaN  6.6219311e-001  6.8632581e-001             NaN             NaN
  2.0090000e+003  7.0000000e+000  1.7000000e+001  4.0000000e+000  0.0000000e+000  1.9816667e+002             NaN  9.0168746e+002             NaN  1.4306984e+003  1.6590211e+003             NaN             NaN             NaN  7.8369016e+001             NaN  7.4960155e+001  5.4687180e+001             NaN             NaN             NaN  6.9827483e-001             NaN  7.0313169e-001  7.2024252e-001             NaN             NaN
  2.0090000e+003  7.0000000e+000  1.7000000e+001  5.0000000e+000  0.0000000e+000  1.9820833e+002  2.3208097e+002  5.9585250e+002  8.4807316e+002  1.2569802e+003  1.5187478e+003             NaN             NaN  4.7984472e+001  2.1500315e+001  1.7730878e+001  1.2143162e+002  1.0652199e+002             NaN             NaN  6.9248904e-001  6.7482027e-001  7.1799620e-001  6.8478438e-001  6.9485324e-001             NaN             NaN
  2.0090000e+003  7.0000000e+000  1.7000000e+001  6.0000000e+000  0.0000000e+000  1.9825000e+002  1.6375862e+002  1.1135954e+003  1.4948505e+003             NaN             NaN             NaN             NaN  4.3653599e+001  2.0556923e+002  1.0166566e+002             NaN             NaN             NaN             NaN  7.0426450e-001  6.9307649e-001  7.3437339e-001             NaN             NaN             NaN             NaN
  2.0090000e+003  7.0000000e+000  1.7000000e+001  7.0000000e+000  0.0000000e+000  1.9829167e+002  1.6402013e+002  9.2824173e+002  1.3150070e+003             NaN             NaN             NaN             NaN  5.4074523e+001  3.9283891e+001  1.7568701e+002             NaN             NaN             NaN             NaN  6.9036066e-001  6.7191448e-001  7.1186904e-001             NaN             NaN             NaN             NaN
  2.0090000e+003  7.0000000e+000  1.7000000e+001  8.0000000e+000  0.0000000e+000  1.9833333e+002  5.0596906e+002  1.1551619e+003  1.4417296e+003             NaN             NaN             NaN             NaN  1.6773005e+001  1.7309327e+002  6.4197788e+001             NaN             NaN             NaN             NaN  6.5762179e-001  7.1862783e-001  7.4615695e-001             NaN             NaN             NaN             NaN
  2.0090000e+003  7.0000000e+000  1.7000000e+001  9.0000000e+000  0.0000000e+000  1.9837500e+002             NaN  1.0411952e+003  1.2704025e+003             NaN             NaN             NaN             NaN             NaN  1.3295195e+002  5.9193820e+001             NaN             NaN             NaN             NaN             NaN  7.0594715e-001  6.7353937e-001             NaN             NaN             NaN             NaN
  2.0090000e+003  7.0000000e+000  1.7000000e+001  1.0000000e+001  0.0000000e+000  1.9841667e+002  7.3640371e+002  1.0890495e+003             NaN             NaN             NaN             NaN             NaN  6.8369933e+001  1.6339952e+002             NaN             NaN             NaN             NaN             NaN  6.8843226e-001  7.0715102e-001             NaN             NaN             NaN             NaN             NaN
  2.0090000e+003  7.0000000e+000  1.7000000e+001  1.1000000e+001  0.0000000e+000  1.9845833e+002             NaN             NaN  1.0520958e+003             NaN             NaN             NaN             NaN             NaN             NaN  1.8006341e+002             NaN             NaN             NaN             NaN             NaN             NaN  7.2060590e-001             NaN             NaN             NaN             NaN
  2.0090000e+003  7.0000000e+000  1.7000000e+001  1.2000000e+001  0.0000000e+000  1.9850000e+002  9.7377841e+001  7.3076089e+002  1.0951312e+003             NaN             NaN             NaN             NaN  3.1980504e+000  1.0510829e+002  1.4393829e+002             NaN             NaN             NaN             NaN  6.9520662e-001  6.8510592e-001  7.2778696e-001             NaN             NaN             NaN             NaN
  2.0090000e+003  7.0000000e+000  1.7000000e+001  1.3000000e+001  0.0000000e+000  1.9854167e+002             NaN             NaN             NaN  9.6592350e+002             NaN             NaN             NaN             NaN             NaN             NaN  1.2323816e+002             NaN             NaN             NaN             NaN             NaN             NaN  7.1719057e-001             NaN             NaN             NaN
  2.0090000e+003  7.0000000e+000  1.7000000e+001  1.4000000e+001  0.0000000e+000  1.9858333e+002             NaN             NaN  1.0330735e+003             NaN             NaN             NaN             NaN             NaN             NaN  1.4888534e+002             NaN             NaN             NaN             NaN             NaN             NaN  7.1650920e-001             NaN             NaN             NaN             NaN
  2.0090000e+003  7.0000000e+000  1.7000000e+001  1.5000000e+001  0.0000000e+000  1.9862500e+002             NaN  1.0218874e+003             NaN             NaN             NaN             NaN             NaN             NaN  1.6480041e+002             NaN             NaN             NaN             NaN             NaN             NaN  7.1934167e-001             NaN             NaN             NaN             NaN             NaN
  2.0090000e+003  7.0000000e+000  1.7000000e+001  1.6000000e+001  0.0000000e+000  1.9866667e+002  1.0118250e+002             NaN             NaN  1.0666505e+003             NaN             NaN             NaN  2.8353662e+000             NaN             NaN  1.5962058e+002             NaN             NaN             NaN  6.7534223e-001             NaN             NaN  6.9909748e-001             NaN             NaN             NaN
  2.0090000e+003  7.0000000e+000  1.7000000e+001  1.7000000e+001  0.0000000e+000  1.9870833e+002             NaN  8.1333159e+002             NaN  1.2405969e+003  1.4460092e+003             NaN             NaN             NaN  1.2411544e+002             NaN  5.1422244e+001  1.5804478e+001             NaN             NaN             NaN  6.8167683e-001             NaN  7.7627314e-001  7.0362207e-001             NaN             NaN
  2.0090000e+003  7.0000000e+000  1.7000000e+001  1.8000000e+001  0.0000000e+000  1.9875000e+002  8.2345829e+002  1.2720113e+003             NaN             NaN             NaN             NaN             NaN  3.9800612e+001  2.2305017e+002             NaN             NaN             NaN             NaN             NaN  6.6837583e-001  7.2175770e-001             NaN             NaN             NaN             NaN             NaN
  2.0090000e+003  7.0000000e+000  1.7000000e+001  1.9000000e+001  0.0000000e+000  1.9879167e+002  1.2496340e+003  1.6567808e+003  1.9246980e+003             NaN             NaN             NaN             NaN  1.1869514e+002  8.9451260e+001  1.4076612e+002             NaN             NaN             NaN             NaN  6.7902058e-001  6.8500299e-001  7.2250954e-001             NaN             NaN             NaN             NaN
  2.0090000e+003  7.0000000e+000  1.7000000e+001  2.0000000e+001  0.0000000e+000  1.9883333e+002  1.2224264e+003  1.5467845e+003             NaN             NaN             NaN             NaN             NaN  1.5256774e+002  6.9301151e+001             NaN             NaN             NaN             NaN             NaN  6.8380124e-001  7.0146657e-001             NaN             NaN             NaN             NaN             NaN
  2.0090000e+003  7.0000000e+000  1.7000000e+001  2.1000000e+001  0.0000000e+000  1.9887500e+002  1.2098796e+003  1.7547627e+003             NaN             NaN             NaN             NaN             NaN  1.8686168e+002  6.1685543e+001             NaN             NaN             NaN             NaN             NaN  6.8320118e-001  7.0655809e-001             NaN             NaN             NaN             NaN             NaN
  2.0090000e+003  7.0000000e+000  1.7000000e+001  2.2000000e+001  0.0000000e+000  1.9891667e+002  1.1462463e+003  1.6322856e+003             NaN             NaN             NaN             NaN             NaN  6.8856539e+000  1.1747298e+002             NaN             NaN             NaN             NaN             NaN  6.7729812e-001  7.1064391e-001             NaN             NaN             NaN             NaN             NaN
  2.0090000e+003  7.0000000e+000  1.7000000e+001  2.3000000e+001  0.0000000e+000  1.9895833e+002  1.1650853e+003  1.3858726e+003  1.5965541e+003             NaN             NaN             NaN             NaN  2.1378528e+001  1.5404000e+001  6.8171449e+001             NaN             NaN             NaN             NaN  7.0141249e-001  6.7467205e-001  6.8786998e-001             NaN             NaN             NaN             NaN
  2.0090000e+003  7.0000000e+000  1.8000000e+001  0.0000000e+000  0.0000000e+000  1.9900000e+002             NaN             NaN             NaN             NaN             NaN             NaN             NaN             NaN  0.0000000e+000  0.0000000e+000  0.0000000e+000  0.0000000e+000  0.0000000e+000  0.0000000e+000             NaN  0.0000000e+000  0.0000000e+000  0.0000000e+000  0.0000000e+000  0.0000000e+000  0.0000000e+000
