  2.0100000e+003  2.0000000e+000  1.2000000e+001  0.0000000e+000  0.0000000e+000  4.3000000e+001             NaN             NaN             NaN             NaN             NaN             NaN             NaN             NaN             NaN             NaN             NaN             NaN             NaN             NaN             NaN             NaN             NaN             NaN             NaN             NaN             NaN
  2.0100000e+003  2.0000000e+000  1.2000000e+001  1.0000000e+000  0.0000000e+000  4.3041667e+001             NaN             NaN             NaN             NaN             NaN             NaN             NaN             NaN             NaN             NaN             NaN             NaN             NaN             NaN             NaN             NaN             NaN             NaN             NaN             NaN             NaN
  2.0100000e+003  2.0000000e+000  1.2000000e+001  2.0000000e+000  0.0000000e+000  4.3083333e+001             NaN             NaN             NaN             NaN             NaN             NaN             NaN             NaN             NaN             NaN             NaN             NaN             NaN             NaN             NaN             NaN             NaN             NaN             NaN             NaN             NaN
  2.0100000e+003  2.0000000e+000  1.2000000e+001  3.0000000e+000  0.0000000e+000  4.3125000e+001             NaN             NaN             NaN             NaN             NaN             NaN             NaN             NaN             NaN             NaN             NaN             NaN             NaN             NaN             NaN             NaN             NaN             NaN             NaN             NaN             NaN
  2.0100000e+003  2.0000000e+000  1.2000000e+001  4.0000000e+000  0.0000000e+000  4.3166667e+001  1.3197515e+002             NaN             NaN             NaN             NaN             NaN             NaN  3.8502586e+001             NaN             NaN             NaN             NaN             NaN             NaN  7.6618511e-001             NaN             NaN             NaN             NaN             NaN             NaN
  2.0100000e+003  2.0000000e+000  1.2000000e+001  5.0000000e+000  0.0000000e+000  4.3208333e+001             NaN             NaN             NaN             NaN             NaN             NaN             NaN             NaN             NaN             NaN             NaN             NaN             NaN             NaN             NaN             NaN             NaN             NaN             NaN             NaN             NaN
  2.0100000e+003  2.0000000e+000  1.2000000e+001  6.0000000e+000  0.0000000e+000  4.3250000e+001  1.5100499e+002             NaN             NaN             NaN             NaN             NaN             NaN  3.7604969e+001             NaN             NaN             NaN             NaN             NaN             NaN  7.0923654e-001             NaN             NaN             NaN             NaN             NaN             NaN
  2.0100000e+003  2.0000000e+000  1.2000000e+001  7.0000000e+000  0.0000000e+000  4.3291667e+001  9.1195683e+001  3.2541549e+002             NaN             NaN             NaN             NaN             NaN  5.2698247e+000  6.0484976e+001             NaN             NaN             NaN             NaN             NaN  7.2150515e-001  7.2151850e-001             NaN             NaN             NaN             NaN             NaN
  2.0100000e+003  2.0000000e+000  1.2000000e+001  8.0000000e+000  0.0000000e+000  4.3333333e+001  1.0107330e+002  3.0581247e+002             NaN             NaN             NaN             NaN             NaN  5.2842846e+000  6.9049628e+001             NaN             NaN             NaN             NaN             NaN  7.5608622e-001  7.0304711e-001             NaN             NaN             NaN             NaN             NaN
  2.0100000e+003  2.0000000e+000  1.2000000e+001  9.0000000e+000  0.0000000e+000  4.3375000e+001             NaN  2.5479989e+002  4.5665360e+002             NaN  9.4034381e+002             NaN             NaN             NaN  1.4934229e+001  4.4924575e+001             NaN  3.5321802e+000             NaN             NaN             NaN  6.5483518e-001  7.2067920e-001             NaN  7.3855792e-001             NaN             NaN
  2.0100000e+003  2.0000000e+000  1.2000000e+001  1.0000000e+001  0.0000000e+000  4.3416667e+001  1.5944226e+002  5.4701265e+002  8.0194002e+002             NaN             NaN             NaN             NaN  1.5887863e+001  3.7091569e+001  4.6857828e+001             NaN             NaN             NaN             NaN  8.5572595e-001  7.1857182e-001  7.2061728e-001             NaN             NaN             NaN             NaN
  2.0100000e+003  2.0000000e+000  1.2000000e+001  1.1000000e+001  0.0000000e+000  4.3458333e+001  1.2390603e+002  5.3581028e+002             NaN             NaN             NaN             NaN             NaN  1.8619601e+001  1.2723505e+001             NaN             NaN             NaN             NaN             NaN  8.0961088e-001  7.4040250e-001             NaN             NaN             NaN             NaN             NaN
  2.0100000e+003  2.0000000e+000  1.2000000e+001  1.2000000e+001  0.0000000e+000  4.3500000e+001  1.2254697e+002             NaN             NaN             NaN             NaN             NaN             NaN  3.4081670e+001             NaN             NaN             NaN             NaN             NaN             NaN  7.6235172e-001             NaN             NaN             NaN             NaN             NaN             NaN
  2.0100000e+003  2.0000000e+000  1.2000000e+001  1.3000000e+001  0.0000000e+000  4.3541667e+001  1.1772517e+002             NaN             NaN             NaN             NaN             NaN             NaN  3.4889209e+001             NaN             NaN             NaN             NaN             NaN             NaN  6.9685711e-001             NaN             NaN             NaN             NaN             NaN             NaN
  2.0100000e+003  2.0000000e+000  1.2000000e+001  1.4000000e+001  0.0000000e+000  4.3583333e+001             NaN             NaN             NaN             NaN             NaN             NaN             NaN             NaN             NaN             NaN             NaN             NaN             NaN             NaN             NaN             NaN             NaN             NaN             NaN             NaN             NaN
  2.0100000e+003  2.0000000e+000  1.2000000e+001  1.5000000e+001  0.0000000e+000  4.3625000e+001             NaN             NaN             NaN             NaN             NaN             NaN             NaN             NaN             NaN             NaN             NaN             NaN             NaN             NaN             NaN             NaN             NaN             NaN             NaN             NaN             NaN
  2.0100000e+003  2.0000000e+000  1.2000000e+001  1.6000000e+001  0.0000000e+000  4.3666667e+001             NaN             NaN             NaN             NaN             NaN             NaN             NaN             NaN             NaN             NaN             NaN             NaN             NaN             NaN             NaN             NaN             NaN             NaN             NaN             NaN             NaN
  2.0100000e+003  2.0000000e+000  1.2000000e+001  1.7000000e+001  0.0000000e+000  4.3708333e+001  1.3523719e+002  3.5646205e+002             NaN             NaN             NaN             NaN             NaN  3.9478016e+001  4.0797876e+001             NaN             NaN             NaN             NaN             NaN  6.5875699e-001  7.3689131e-001             NaN             NaN             NaN             NaN             NaN
  2.0100000e+003  2.0000000e+000  1.2000000e+001  1.8000000e+001  0.0000000e+000  4.3750000e+001  1.1977774e+002  3.5657945e+002             NaN             NaN             NaN             NaN             NaN  1.6615739e+001  4.4493591e+001             NaN             NaN             NaN             NaN             NaN  6.9594901e-001  6.7755916e-001             NaN             NaN             NaN             NaN             NaN
  2.0100000e+003  2.0000000e+000  1.2000000e+001  1.9000000e+001  0.0000000e+000  4.3791667e+001  1.0869799e+002             NaN             NaN  8.8223430e+002             NaN             NaN             NaN  1.8452315e+001             NaN             NaN  3.4072770e+001             NaN             NaN             NaN  7.2094572e-001             NaN             NaN  6.7846310e-001             NaN             NaN             NaN
  2.0100000e+003  2.0000000e+000  1.2000000e+001  2.0000000e+001  0.0000000e+000  4.3833333e+001  8.6192500e+001  1.7616759e+002  6.5507236e+002  8.3278138e+002  9.8229415e+002  1.0979300e+003  1.2845407e+003  2.8249811e-001  1.3270480e+001  5.1339430e+001  3.0078439e+001  5.9783086e+001  7.5377321e+000  9.0951087e+001  7.0860394e-001  7.3270217e-001  6.9057742e-001  6.8139947e-001  6.7401165e-001  6.9161818e-001  6.9854551e-001
  2.0100000e+003  2.0000000e+000  1.2000000e+001  2.1000000e+001  0.0000000e+000  4.3875000e+001  1.3467747e+002  7.6064752e+002  9.7828311e+002             NaN  1.1965415e+003             NaN             NaN  4.0576093e+001  6.9533498e+001  5.0961805e+001             NaN  4.6010118e+001             NaN             NaN  7.1719358e-001  6.7960783e-001  6.6519764e-001             NaN  6.8621803e-001             NaN             NaN
  2.0100000e+003  2.0000000e+000  1.2000000e+001  2.2000000e+001  0.0000000e+000  4.3916667e+001  9.5515298e+001  9.5883649e+002  1.1510426e+003             NaN  1.3303625e+003             NaN             NaN  8.7928986e+000  7.6665691e+001  7.2327710e+001             NaN  5.8019462e+001             NaN             NaN  7.6619331e-001  6.9936625e-001  7.0973611e-001             NaN  7.1948201e-001             NaN             NaN
  2.0100000e+003  2.0000000e+000  1.2000000e+001  2.3000000e+001  0.0000000e+000  4.3958333e+001  8.8639619e+001  9.4605583e+002  1.1679546e+003             NaN             NaN             NaN             NaN  2.8141741e+000  7.4847856e+001  4.1080579e+001             NaN             NaN             NaN             NaN  7.9110613e-001  6.8506088e-001  6.8255534e-001             NaN             NaN             NaN             NaN
  2.0100000e+003  2.0000000e+000  1.3000000e+001  0.0000000e+000  0.0000000e+000  4.4000000e+001             NaN             NaN             NaN             NaN             NaN             NaN             NaN             NaN             NaN  0.0000000e+000  0.0000000e+000  0.0000000e+000  0.0000000e+000  0.0000000e+000             NaN             NaN  0.0000000e+000  0.0000000e+000  0.0000000e+000  0.0000000e+000  0.0000000e+000
