  2.0090000e+003  7.0000000e+000  1.0000000e+000  0.0000000e+000  0.0000000e+000  1.8200000e+002  6.6076785e+002  1.0412727e+003  1.2728293e+003  1.4876152e+003             NaN             NaN             NaN  2.1123661e+001  2.4446313e+001  5.5675494e+001  1.5872351e+002             NaN             NaN             NaN  6.5171776e-001  6.7068714e-001  7.0722479e-001  6.8603573e-001             NaN             NaN             NaN
  2.0090000e+003  7.0000000e+000  1.0000000e+000  1.0000000e+000  0.0000000e+000  1.8204167e+002             NaN  1.2278246e+003  1.4434392e+003             NaN             NaN             NaN             NaN             NaN  1.2601230e+002  9.8935944e+001             NaN             NaN             NaN             NaN             NaN  7.3646410e-001  7.2311771e-001             NaN             NaN             NaN             NaN
  2.0090000e+003  7.0000000e+000  1.0000000e+000  2.0000000e+000  0.0000000e+000  1.8208333e+002  7.5086300e+002  1.1397307e+003             NaN             NaN             NaN             NaN             NaN  4.6394673e+001  1.4562363e+002             NaN             NaN             NaN             NaN             NaN  7.1148531e-001  6.9873914e-001             NaN             NaN             NaN             NaN             NaN
  2.0090000e+003  7.0000000e+000  1.0000000e+000  3.0000000e+000  0.0000000e+000  1.8212500e+002  7.8525499e+001  7.5125292e+002  1.1358759e+003  1.5027475e+003             NaN             NaN             NaN  8.0454434e+000  4.0824377e+001  1.3533853e+002  6.0105787e+001             NaN             NaN             NaN  7.6432151e-001  7.3315461e-001  7.2666095e-001  7.3246864e-001             NaN             NaN             NaN
  2.0090000e+003  7.0000000e+000  1.0000000e+000  4.0000000e+000  0.0000000e+000  1.8216667e+002             NaN  7.7997698e+002  1.2238259e+003             NaN             NaN             NaN             NaN             NaN  9.2906129e+001  1.7867906e+002             NaN             NaN             NaN             NaN             NaN  6.9369125e-001  6.8630551e-001             NaN             NaN             NaN             NaN
  2.0090000e+003  7.0000000e+000  1.0000000e+000  5.0000000e+000  0.0000000e+000  1.8220833e+002             NaN  2.2128758e+002             NaN  6.1136106e+002  9.9235437e+002             NaN             NaN             NaN  2.5059862e+001             NaN  1.8319339e+001  1.6816249e+002             NaN             NaN             NaN  7.2839285e-001             NaN  7.1431023e-001  7.0551800e-001             NaN             NaN
  2.0090000e+003  7.0000000e+000  1.0000000e+000  6.0000000e+000  0.0000000e+000  1.8225000e+002  1.9955633e+002  8.7393125e+002  1.3896007e+003             NaN             NaN             NaN             NaN  6.1632775e+001  2.7129358e+002  4.9389618e+000             NaN             NaN             NaN             NaN  7.1551374e-001  6.9917762e-001  7.1889642e-001             NaN             NaN             NaN             NaN
  2.0090000e+003  7.0000000e+000  1.0000000e+000  7.0000000e+000  0.0000000e+000  1.8229167e+002  5.3363030e+002  7.6054389e+002  9.1025829e+002  1.1728110e+003             NaN             NaN             NaN  6.4733786e+001  6.9446894e+000  2.7321725e+001  9.0706761e+001             NaN             NaN             NaN  6.9333197e-001  7.0662377e-001  7.2097922e-001  7.1695470e-001             NaN             NaN             NaN
  2.0090000e+003  7.0000000e+000  1.0000000e+000  8.0000000e+000  0.0000000e+000  1.8233333e+002             NaN  6.0489649e+002  1.1247237e+003             NaN             NaN             NaN             NaN             NaN  1.2577115e+002  1.2570166e+002             NaN             NaN             NaN             NaN             NaN  7.0332764e-001  7.2708645e-001             NaN             NaN             NaN             NaN
  2.0090000e+003  7.0000000e+000  1.0000000e+000  9.0000000e+000  0.0000000e+000  1.8237500e+002             NaN  8.1320750e+002  1.0539478e+003             NaN             NaN             NaN             NaN             NaN  1.8219063e+001  1.2620925e+002             NaN             NaN             NaN             NaN             NaN  6.6296426e-001  7.3691149e-001             NaN             NaN             NaN             NaN
  2.0090000e+003  7.0000000e+000  1.0000000e+000  1.0000000e+001  0.0000000e+000  1.8241667e+002  8.5302028e+001  7.4148815e+002  1.1134866e+003             NaN  1.5459072e+003             NaN             NaN  1.3957984e+001  1.1416227e+002  7.9077685e+001             NaN  1.6090883e+002             NaN             NaN  7.0858231e-001  7.0014200e-001  7.3885926e-001             NaN  8.1635656e-001             NaN             NaN
  2.0090000e+003  7.0000000e+000  1.0000000e+000  1.1000000e+001  0.0000000e+000  1.8245833e+002  5.6600119e+002  9.8612417e+002  1.5209605e+003             NaN             NaN             NaN             NaN  3.6378655e+001  2.1095100e+002  8.4486347e+001             NaN             NaN             NaN             NaN  6.7365694e-001  7.0138299e-001  7.8509873e-001             NaN             NaN             NaN             NaN
  2.0090000e+003  7.0000000e+000  1.0000000e+000  1.2000000e+001  0.0000000e+000  1.8250000e+002  1.0491591e+002             NaN  5.5625817e+002  8.3341978e+002  1.1223628e+003             NaN             NaN  4.7419840e+000             NaN  7.3928239e+001  7.3589914e+001  1.0274079e+002             NaN             NaN  6.5732015e-001             NaN  6.8748312e-001  7.3956018e-001  7.1428826e-001             NaN             NaN
  2.0090000e+003  7.0000000e+000  1.0000000e+000  1.3000000e+001  0.0000000e+000  1.8254167e+002  1.4107419e+002  5.1179829e+002  8.5342546e+002  1.2161912e+003             NaN             NaN             NaN  6.2417802e+001  5.6633125e+001  1.5282449e+002  1.5174911e+002             NaN             NaN             NaN  6.8086138e-001  6.6946242e-001  7.1034945e-001  7.4959281e-001             NaN             NaN             NaN
  2.0090000e+003  7.0000000e+000  1.0000000e+000  1.4000000e+001  0.0000000e+000  1.8258333e+002             NaN  5.9604013e+002             NaN  1.0654330e+003  1.2293048e+003             NaN             NaN             NaN  3.1694778e+001             NaN  2.1779603e+001  3.5043579e+001             NaN             NaN             NaN  6.7774037e-001             NaN  6.6495257e-001  7.7130595e-001             NaN             NaN
  2.0090000e+003  7.0000000e+000  1.0000000e+000  1.5000000e+001  0.0000000e+000  1.8262500e+002  1.0118250e+002  6.6179596e+002             NaN  1.2068422e+003             NaN             NaN             NaN  5.7900438e-001  9.3298845e+001             NaN  1.4146816e+002             NaN             NaN             NaN  6.5752396e-001  6.7872657e-001             NaN  7.2266127e-001             NaN             NaN             NaN
  2.0090000e+003  7.0000000e+000  1.0000000e+000  1.6000000e+001  0.0000000e+000  1.8266667e+002             NaN             NaN             NaN  1.1804447e+003  1.5547935e+003             NaN             NaN             NaN             NaN             NaN  6.1219719e+001  1.6533260e+002             NaN             NaN             NaN             NaN             NaN  7.0450208e-001  7.0090798e-001             NaN             NaN
  2.0090000e+003  7.0000000e+000  1.0000000e+000  1.7000000e+001  0.0000000e+000  1.8270833e+002  1.0867750e+002             NaN  1.1696403e+003  1.8215670e+003             NaN             NaN             NaN  5.1770111e-001             NaN  1.4218301e+002  2.2843046e+002             NaN             NaN             NaN  6.6608614e-001             NaN  6.9396731e-001  7.1498016e-001             NaN             NaN             NaN
  2.0090000e+003  7.0000000e+000  1.0000000e+000  1.8000000e+001  0.0000000e+000  1.8275000e+002  8.3826557e+002  1.2869200e+003  1.5965569e+003             NaN             NaN             NaN             NaN  2.1259222e+001  1.5740458e+002  7.8716733e+001             NaN             NaN             NaN             NaN  6.7006938e-001  6.7973695e-001  7.3706870e-001             NaN             NaN             NaN             NaN
  2.0090000e+003  7.0000000e+000  1.0000000e+000  1.9000000e+001  0.0000000e+000  1.8279167e+002  1.0380845e+003  1.2221919e+003  1.3753325e+003  1.6665197e+003             NaN             NaN             NaN  2.3848086e+001  7.6352712e+001  4.1277354e+000  5.4310556e+001             NaN             NaN             NaN  6.6474745e-001  6.9371440e-001  7.0116522e-001  7.0608831e-001             NaN             NaN             NaN
  2.0090000e+003  7.0000000e+000  1.0000000e+000  2.0000000e+001  0.0000000e+000  1.8283333e+002  1.0867750e+002             NaN             NaN  1.4906304e+003  1.6779532e+003             NaN             NaN  5.2723394e-001             NaN             NaN  7.1398757e+001  1.2047826e+002             NaN             NaN  6.7153649e-001             NaN             NaN  6.7883818e-001  7.1871601e-001             NaN             NaN
  2.0090000e+003  7.0000000e+000  1.0000000e+000  2.1000000e+001  0.0000000e+000  1.8287500e+002             NaN  8.5438070e+002             NaN             NaN  1.6912064e+003             NaN             NaN             NaN  1.0597716e+001             NaN             NaN  1.1580411e+002             NaN             NaN             NaN  6.6721067e-001             NaN             NaN  6.9264165e-001             NaN             NaN
  2.0090000e+003  7.0000000e+000  1.0000000e+000  2.2000000e+001  0.0000000e+000  1.8291667e+002             NaN             NaN  1.1386337e+003             NaN  1.7151136e+003             NaN             NaN             NaN             NaN  1.3088057e+002             NaN  1.8988757e+002             NaN             NaN             NaN             NaN  6.7036024e-001             NaN  6.8729565e-001             NaN             NaN
  2.0090000e+003  7.0000000e+000  1.0000000e+000  2.3000000e+001  0.0000000e+000  1.8295833e+002             NaN  9.5202334e+002  1.1764280e+003             NaN  1.5616950e+003  1.8168363e+003             NaN             NaN  6.2175409e+001  1.2068160e+002             NaN  1.2191228e+002  4.8362834e+001             NaN             NaN  6.8575064e-001  6.8665350e-001             NaN  7.0544343e-001  6.9593057e-001             NaN
  2.0090000e+003  7.0000000e+000  2.0000000e+000  0.0000000e+000  0.0000000e+000  1.8300000e+002             NaN             NaN             NaN             NaN             NaN             NaN             NaN             NaN             NaN             NaN             NaN             NaN  0.0000000e+000  0.0000000e+000             NaN             NaN             NaN             NaN             NaN  0.0000000e+000  0.0000000e+000
