  2.0100000e+003  3.0000000e+000  2.8000000e+001  0.0000000e+000  0.0000000e+000  8.7000000e+001  7.8764777e+001             NaN             NaN  1.0716288e+003             NaN             NaN             NaN  1.1598544e+001             NaN             NaN  5.1638279e+000             NaN             NaN             NaN  7.5792072e-001             NaN             NaN  6.7169959e-001             NaN             NaN             NaN
  2.0100000e+003  3.0000000e+000  2.8000000e+001  1.0000000e+000  0.0000000e+000  8.7041667e+001  8.6181889e+001             NaN  1.0977097e+003  1.2550380e+003             NaN             NaN             NaN  8.5266021e+000             NaN  5.3176825e+001  7.8108880e+001             NaN             NaN             NaN  7.6945192e-001             NaN  6.7953195e-001  7.0085715e-001             NaN             NaN             NaN
  2.0100000e+003  3.0000000e+000  2.8000000e+001  2.0000000e+000  0.0000000e+000  8.7083333e+001  8.4284696e+001             NaN  9.8199619e+002             NaN  1.2337928e+003  1.4373498e+003             NaN  6.6886740e+000             NaN  3.7702896e+001             NaN  2.3839610e+001  3.6042313e+001             NaN  7.6520363e-001             NaN  7.1238933e-001             NaN  6.9886571e-001  7.2435592e-001             NaN
  2.0100000e+003  3.0000000e+000  2.8000000e+001  3.0000000e+000  0.0000000e+000  8.7125000e+001  8.0476440e+001  9.7847317e+002  1.0856127e+003  1.2131676e+003             NaN             NaN             NaN  6.3646208e+000  5.5865057e+001  4.9806824e+001  2.7959943e+001             NaN             NaN             NaN  7.2752449e-001  7.0601327e-001  6.7490733e-001  7.1466255e-001             NaN             NaN             NaN
  2.0100000e+003  3.0000000e+000  2.8000000e+001  4.0000000e+000  0.0000000e+000  8.7166667e+001  7.1202500e+001  3.8867744e+002             NaN  1.0980398e+003             NaN             NaN  1.5224789e+003  2.2577456e+000  2.8416014e+001             NaN  1.5222115e+001             NaN             NaN  1.1110781e+002  6.9193776e-001  6.6509668e-001             NaN  6.8974732e-001             NaN             NaN  6.9325406e-001
  2.0100000e+003  3.0000000e+000  2.8000000e+001  5.0000000e+000  0.0000000e+000  8.7208333e+001  8.3623611e+001  9.0689099e+002  1.0830275e+003  1.2212350e+003  1.4323218e+003             NaN             NaN  2.4542548e+000  1.5442094e+001  2.4152575e+000  8.5225602e+001  9.7049579e+001             NaN             NaN  6.8970128e-001  6.9792428e-001  6.6795627e-001  7.0729318e-001  6.9306305e-001             NaN             NaN
  2.0100000e+003  3.0000000e+000  2.8000000e+001  6.0000000e+000  0.0000000e+000  8.7250000e+001  7.9968082e+001             NaN             NaN  1.0350739e+003  1.1879559e+003             NaN             NaN  7.7889422e+000             NaN             NaN  4.3634725e+001  5.1001607e+001             NaN             NaN  7.2375764e-001             NaN             NaN  7.4545889e-001  6.9234935e-001             NaN             NaN
  2.0100000e+003  3.0000000e+000  2.8000000e+001  7.0000000e+000  0.0000000e+000  8.7291667e+001  7.4903182e+001  1.0982680e+003             NaN             NaN             NaN             NaN             NaN  3.9243646e+000  4.7152107e+001             NaN             NaN             NaN             NaN             NaN  7.6194930e-001  7.2652478e-001             NaN             NaN             NaN             NaN             NaN
  2.0100000e+003  3.0000000e+000  2.8000000e+001  8.0000000e+000  0.0000000e+000  8.7333333e+001             NaN             NaN             NaN             NaN             NaN             NaN             NaN             NaN             NaN             NaN             NaN             NaN             NaN             NaN             NaN             NaN             NaN             NaN             NaN             NaN             NaN
  2.0100000e+003  3.0000000e+000  2.8000000e+001  9.0000000e+000  0.0000000e+000  8.7375000e+001  8.1764162e+001             NaN             NaN             NaN             NaN             NaN             NaN  1.8434126e+001             NaN             NaN             NaN             NaN             NaN             NaN  6.9332232e-001             NaN             NaN             NaN             NaN             NaN             NaN
  2.0100000e+003  3.0000000e+000  2.8000000e+001  1.0000000e+001  0.0000000e+000  8.7416667e+001  7.1202500e+001             NaN             NaN             NaN             NaN             NaN             NaN  4.5584361e+000             NaN             NaN             NaN             NaN             NaN             NaN  7.5097107e-001             NaN             NaN             NaN             NaN             NaN             NaN
  2.0100000e+003  3.0000000e+000  2.8000000e+001  1.1000000e+001  0.0000000e+000  8.7458333e+001             NaN             NaN             NaN             NaN             NaN             NaN             NaN             NaN             NaN             NaN             NaN             NaN             NaN             NaN             NaN             NaN             NaN             NaN             NaN             NaN             NaN
  2.0100000e+003  3.0000000e+000  2.8000000e+001  1.2000000e+001  0.0000000e+000  8.7500000e+001  7.1202500e+001             NaN             NaN             NaN             NaN             NaN             NaN  1.9081361e+000             NaN             NaN             NaN             NaN             NaN             NaN  7.7973158e-001             NaN             NaN             NaN             NaN             NaN             NaN
  2.0100000e+003  3.0000000e+000  2.8000000e+001  1.3000000e+001  0.0000000e+000  8.7541667e+001  7.1202500e+001             NaN  1.0300018e+003             NaN             NaN             NaN             NaN  1.4385105e-001             NaN  5.0139086e+001             NaN             NaN             NaN             NaN  7.3117333e-001             NaN  6.9593851e-001             NaN             NaN             NaN             NaN
  2.0100000e+003  3.0000000e+000  2.8000000e+001  1.4000000e+001  0.0000000e+000  8.7583333e+001             NaN  8.8423212e+002             NaN             NaN             NaN             NaN             NaN             NaN  3.8900269e+000             NaN             NaN             NaN             NaN             NaN             NaN  7.1671094e-001             NaN             NaN             NaN             NaN             NaN
  2.0100000e+003  3.0000000e+000  2.8000000e+001  1.5000000e+001  0.0000000e+000  8.7625000e+001             NaN  9.7134712e+002             NaN             NaN             NaN             NaN             NaN             NaN  1.7273935e+002             NaN             NaN             NaN             NaN             NaN             NaN  7.0376515e-001             NaN             NaN             NaN             NaN             NaN
  2.0100000e+003  3.0000000e+000  2.8000000e+001  1.6000000e+001  0.0000000e+000  8.7666667e+001  6.3707500e+001  1.0502516e+003             NaN             NaN             NaN             NaN             NaN  7.8801617e-001  1.9031651e+002             NaN             NaN             NaN             NaN             NaN  7.9510424e-001  6.9055217e-001             NaN             NaN             NaN             NaN             NaN
  2.0100000e+003  3.0000000e+000  2.8000000e+001  1.7000000e+001  0.0000000e+000  8.7708333e+001  1.0094269e+002  1.1262396e+003  1.3826605e+003             NaN             NaN             NaN             NaN  2.4927075e+001  9.8037869e+001  5.1693825e+001             NaN             NaN             NaN             NaN  6.7505571e-001  6.8258815e-001  6.9806018e-001             NaN             NaN             NaN             NaN
  2.0100000e+003  3.0000000e+000  2.8000000e+001  1.8000000e+001  0.0000000e+000  8.7750000e+001  8.5584698e+001             NaN             NaN  1.0459514e+003  1.2154045e+003  1.3603425e+003             NaN  2.2471439e+001             NaN             NaN  5.9162799e+001  8.3397098e+001  9.9650716e+001             NaN  6.8252585e-001             NaN             NaN  6.8811055e-001  7.0258592e-001  6.8861237e-001             NaN
  2.0100000e+003  3.0000000e+000  2.8000000e+001  1.9000000e+001  0.0000000e+000  8.7791667e+001  7.1202500e+001  5.7818145e+002  8.8827628e+002  1.2633765e+003  1.4654703e+003             NaN             NaN  1.7835470e+000  7.5034573e+000  6.3170525e+001  1.2642984e+002  6.5905934e+001             NaN             NaN  6.9742315e-001  6.6553765e-001  6.7388911e-001  6.9917872e-001  7.2243963e-001             NaN             NaN
  2.0100000e+003  3.0000000e+000  2.8000000e+001  2.0000000e+001  0.0000000e+000  8.7833333e+001  7.6457055e+001  7.5264364e+002             NaN             NaN  1.2337104e+003             NaN             NaN  7.7183530e+000  3.5832417e+001             NaN             NaN  3.9785434e+001             NaN             NaN  6.9558080e-001  6.6609853e-001             NaN             NaN  6.9271479e-001             NaN             NaN
  2.0100000e+003  3.0000000e+000  2.8000000e+001  2.1000000e+001  0.0000000e+000  8.7875000e+001  7.1202500e+001             NaN             NaN             NaN  1.2154396e+003             NaN             NaN  2.9193969e+000             NaN             NaN             NaN  7.9007702e+001             NaN             NaN  7.2495001e-001             NaN             NaN             NaN  7.3349408e-001             NaN             NaN
  2.0100000e+003  3.0000000e+000  2.8000000e+001  2.2000000e+001  0.0000000e+000  8.7916667e+001  7.1202500e+001  8.6279113e+002             NaN  1.2299392e+003             NaN             NaN             NaN  1.4447800e+000  6.7083157e+001             NaN  5.5454093e+001             NaN             NaN             NaN  7.2664569e-001  6.7349672e-001             NaN  6.8196537e-001             NaN             NaN             NaN
  2.0100000e+003  3.0000000e+000  2.8000000e+001  2.3000000e+001  0.0000000e+000  8.7958333e+001  7.8708739e+002             NaN  1.1089658e+003             NaN             NaN             NaN             NaN  3.8679287e+001             NaN  9.1659434e+001             NaN             NaN             NaN             NaN  6.7532351e-001             NaN  7.0689081e-001             NaN             NaN             NaN             NaN
  2.0100000e+003  3.0000000e+000  2.9000000e+001  0.0000000e+000  0.0000000e+000  8.8000000e+001             NaN             NaN             NaN             NaN             NaN             NaN             NaN             NaN             NaN  0.0000000e+000  0.0000000e+000  0.0000000e+000  0.0000000e+000  0.0000000e+000             NaN             NaN  0.0000000e+000  0.0000000e+000  0.0000000e+000  0.0000000e+000  0.0000000e+000
